ball1Times = [16.34 17.03 ...
    76.16 82.81 91.60 107.47 ...
    126.91 195.56 ...
    (3*60)+26.80 (3*60)+45.53 (3*60)+58.32 ...
    (4*60)+4.76 (4*60)+14.99 (4*60)+26.73 (4*60)+28.49 (4*60)+44.16 (4*60)+52.16 (4*60)+17.83 (4*60)+42.52 ...
    (5*60)+17.85 (5*60)+42.55 (5*60)+50.92 ...
    (6*60)+2.71 (6*60)+26.21 (6*60)+27.65 (6*60)+29.72 (6*60)+52.74 ...
    (7*60)+6.6 (7*60)+18.66 (7*60)+32.51 (7*60)+36.41 (7*60)+39.13 (7*60)+39.17 (7*60)+44.88 (7*60)+48.67 (7*60)+51.9 (7*60)+54.85 (7*60)+58.3 ...
    (8*60)+0.92 (8*60)+5.28 (8*60)+7.76 (8*60)+14.14 (8*60)+16.53 (8*60)+19.29 (8*60)+43.68 ...
    (9*60)+2.87 (9*60)+33.98 (9*60)+42.73 (9*60)+48.65 ...
    (10*60)+6.29 (10*60)+18.03 (10*60)+26.9 (10*60)+34.76 (10*60)+46.3 (10*60)+55.62 ...
    (11*60)+5.41 (11*60)+16 (11*60)+29.82 (11*60)+45.98 ...
    (12*60)+9.5 (12*60)+17.95 (12*60)+25.01 (12*60)+27.28 (12*60)+39.67 (12*60)+43 (12*60)+49.1 ...
    (13*60)+16.65 (13*60)+21.23 (13*60)+47.4 ...
    (14*60)+1.98 (14*60)+17.34 (14*60)+30.2 (14*60)+32.53 (14*60)+49.8 (14*60)+59.17 ...
    (15*60)+14.8 (15*60)+26.72 (15*60)+37.08 (15*60)+39.67 (15*60)+42.6 ...
    (16*60)+3.87 (16*60)+14.47 (16*60)+25.2 (16*60)+32.36 (16*60)+37.36 (16*60)+49.4 (16*60)+55.85 ...
    (17*60)+10.72 (17*60)+28.56 (17*60)+38.72 (17*60)+41.21 (17*60)+54.67 ...
    (18*60)+9.64 (18*60)+11.01 (18*60)+31.72 ...
    (19*60)+6.72 (19*60)+37.41 (19*60)+40.38 (19*60)+57.12 ...
    (20*60)+17.48 (20*60)+33.75 (20*60)+52.2 ...
    (21*60)+1.95 (21*60)+16.76 (21*60)+27.55 (21*60)+57.92 ...
    (22*60)+12.89 (22*60)+29.5 (22*60)+51.6 (22*60)+55.21 ...
    (23*60)+40.06 (23*60)+48.85 (23*60)+50.68 ...
    (24*60)+1.93 (24*60)+17.59 (24*60)+23.16 (24*60)+30.16 (24*60)+38.96 (24*60)+46.61 ...
    (26*60)+6.23 (26*60)+9.31 (26*60)+28.99 (26*60)+30.30 (26*60)+36.99 (26*60)+48.97 ...
    (27*60)+1.09 (27*60)+12.09 (27*60)+23.91 (27*60)+55.51 ...
    (28*60)+13.6 (28*60)+21.69 (28*60)+35.04 ...
    (29*60)+17.04 (29*60)+28.62 ...
    (30*60)+9.66 (30*60)+27.27 (30*60)+44.28 ...
    (31*60)+59.14 ...
    (32*60)+3.7 (32*60)+18.74 (32*60)+23.23 ...
    (33*60)+50.79 (33*60)+51.54...
    (34*60)+17.96 (34*60)+23.42 (34*60)+43.77 (34*60)+46.16 ...
    (35*60)+11.12 (35*60)+32.03 (35*60)+53.78 ...
    (36*60)+6.58 (36*60)+14.52 (36*60)+43.35
    ]; 

trainTimes = [3 4];

save eventTimes ball1Times trainTimes