ball1Times = [0.2 16.30 17.13 60+22.97 60+48.03 (2*60)+6.93 (3*60)+26.9 (3*60)+27.43 ...
    (3*60)+45.77 (3*60)+58.47 (4*60)+27.03 (4*60)+28.70 (4*60)+44.33 (4*60)+52.3];

ball2Times = [51.07 60+2.83 60+26.40 60+27.83 60+30 60+53 (2*60)+6.83 (2*60)+18.8 ...
    (2*60)+32.5 (2*60)+36.5  (2*60)+45.13 (2*60)+48.77 (2*60)+52.03 (2*60)+55.2 ...
    (2*60)+58.47 (3*60)+1.03 (3*60)+5.5 (3*60)+7.93 (3*60)+14.07 (3*60)+14.6  ...
    (3*60)+16.9 (3*60)+17.47 (3*60)+19.50 (3*60)+19.93 (3*60)+43.9 (4*60)+3.07 ...
    (4*60)+34.13 (4*60)+42.97 (4*60)+48.83];

ball3Times = [6.53 18.27 27.07 35.03 46.43 55.33 60+5.50 60+16.2 60+5.50 60+30 ...
    60+46.2 (60*2)+9.7 (60*2)+18.17 (60*2)+25.13 (60*2)+27.53 (60*2)+39.8 (60*2)+43.13 ...
    (60*2)+49.33 (60*3)+16.77 (60*3)+21.4 (60*3)+16.77 (60*3)+47.53 (60*4)+2.17 ...
    (60*4)+17.50 (60*4)+30.33 (60*4)+32.67 (60*4)+49.93 (60*4)+59.30];

ball4Times = [15.03 26.83 42.83 64 60+14.63 60+25.33 60+32.50 60+37.5 60+56 ...
    (2*60)+10.83 (2*60)+28.73 (2*60)+38.83 (2*60)+41.37 (2*60)+54.8 ...
    (3*60)+9.77 (3*60)+11.13 (3*60)+31.93 (4*60)+6.87 (4*60)+19.77 (4*60)+37.57 ...
    (4*60)+40.60 (4*60)+57.20];

ball5Times = [17.70 33.83 52.33 60+16.97 60+27.7 60+16.97 60+51.73 60+58.17 ...
    (2*60)+13 (2*60)+29.67 (2*60)+51.73 (2*60)+55.37 (3*60)+40.23 (3*60)+49 ...
    (3*60)+50.73 (4*60)+2.10 (4*60)+17.77 (4*60)+23.3 (4*60)+39.1 (4*60)+46.73]; 

ball6Times = [66.30 69.50 60+29.17 60+30.47 60+37.13 (60*2)+1.20 (60*2)+12.23 ...
    (60*2)+24.07 (60*2)+55.63 (60*3)+13.73 (60*3)+21.87 (60*3)+35.20 (60*4)+4.93 ...
    (60*4)+17.20 (60*4)+28.8];

% Video jump and camera shift
ball7Times = [9.83 27.40 44.43 60+59.30 (60*2)+3.73 (60*2)+18.90 (60*2)+23.40 ...
    (60*3)+32.83 (60*3)+50.9 (60*3)+51.7 (60*4)+18.13 (60*4)+23.60 (60*4)+43.9 ...
    (60*4)+46.40];

ball8Times = [11.30 32.20 32.87 54.10 66.80 60+14.70 60+43.53 60+45.70 60+54.70 ...
    (60*2)+3.67 (60*2)+17.67 (60*2)+20.60 (60*2)+27.10 (60*2)+46.80 (60*3)+10.83 ...
    (60*3)+19.23 (60*3)+47.73 (60*3)+54.27 (60*4)+.7 (60*4)+7.6 (60*4)+8.43 ...
    (60*4)+24.03 (60*4)+29.27 (60*4)+36.63];

ball9Times = [11.70 21.63 36.47 47.27 54.47 65.57 60+13.53 60+32.23 60+41.87 ...
    (2*60)+6.93 (2*60)+18.53 (2*60)+45.43 (2*60)+55.73 (3*60)+0.70 (3*60)+12.47 ...
    (3*60)+14.43 (3*60)+23.77 (3*60)+35.47 (3*60)+44.50 (3*60)+57.07 (4*60)+3.93 ...
    (4*60)+17.70 (4*60)+32.37 (4*60)+38.20 (4*60)+46.70 (4*60)+51.30 (4*60)+58.83];

ball10Times = [6.90 20.33 24.67 43.13 43.60 60+12.87 60+15.5 60+24.9 60+34.3 ...
    (60*2)+6.57 (60*2)+20.43 (60*2)+29.40 (60*2)+47.20 (60*2)+52.83 (60*3)+4.50 ...
    (60*3)+18.17 (60*3)+20.90 (60*3)+33.17 (60*3)+46.7 (60*3)+51.63 (60*4)+4.63 ...
    (60*4)+15.07 (60*4)+30.97 (60*4)+32.47 (60*4)+33.33 (60*4)+46.87 (60*4)+49.03 ...
    (60*4)+49.50];

save eventTimes ball1Times ball2Times ball3Times ball4Times ball5Times ball6Times ball7Times ball8Times ball9Times ball10Times